variant	af	filter-pvalue	lrt-pvalue	beta	beta-std-err	intercept	PC1	PC2	PC3	PC4	PC5	PC6	PC7	PC8	PC9	PC10	PC11	PC12	notes
group_4573	9.71E-01	2.47E-06	1.97E-07	-2.01E+01	6.34E+00	1.76E+01	1.03E+01	-1.18E+00	-3.88E+00	-1.31E+00	3.61E+00	1.28E+00	-2.69E+00	-7.95E-01	1.31E+00	1.50E-01	-1.70E+00	1.40E+00	bad-chisq
group_5771	9.68E-01	5.57E-07	6.82E-08	-1.98E+01	6.30E+00	1.74E+01	1.02E+01	-1.09E+00	-3.78E+00	-1.32E+00	3.61E+00	1.24E+00	-2.73E+00	-9.15E-01	1.36E+00	2.32E-01	-1.70E+00	1.38E+00	bad-chisq
group_5772	9.68E-01	5.57E-07	6.82E-08	-1.98E+01	6.30E+00	1.74E+01	1.02E+01	-1.09E+00	-3.78E+00	-1.32E+00	3.61E+00	1.24E+00	-2.73E+00	-9.15E-01	1.36E+00	2.32E-01	-1.70E+00	1.38E+00	bad-chisq
group_5773	9.68E-01	5.57E-07	6.82E-08	-1.98E+01	6.30E+00	1.74E+01	1.02E+01	-1.09E+00	-3.78E+00	-1.32E+00	3.61E+00	1.24E+00	-2.73E+00	-9.15E-01	1.36E+00	2.32E-01	-1.70E+00	1.38E+00	bad-chisq
group_11899	9.64E-01	1.25E-07	2.37E-08	-2.09E+01	6.28E+00	1.84E+01	1.07E+01	-9.99E-01	-4.36E+00	-1.55E+00	3.66E+00	1.02E+00	-2.59E+00	-5.67E-01	1.15E+00	-1.07E-01	-1.71E+00	1.44E+00	bad-chisq
phnW	9.64E-01	1.25E-07	2.37E-08	-2.09E+01	6.28E+00	1.84E+01	1.07E+01	-9.99E-01	-4.36E+00	-1.55E+00	3.66E+00	1.02E+00	-2.59E+00	-5.67E-01	1.15E+00	-1.07E-01	-1.71E+00	1.44E+00	bad-chisq
group_1325	9.64E-01	1.25E-07	2.37E-08	-2.09E+01	6.28E+00	1.84E+01	1.07E+01	-9.99E-01	-4.36E+00	-1.55E+00	3.66E+00	1.02E+00	-2.59E+00	-5.67E-01	1.15E+00	-1.07E-01	-1.71E+00	1.44E+00	bad-chisq
group_1551	9.64E-01	1.25E-07	2.37E-08	-2.09E+01	6.28E+00	1.84E+01	1.07E+01	-9.99E-01	-4.36E+00	-1.55E+00	3.66E+00	1.02E+00	-2.59E+00	-5.67E-01	1.15E+00	-1.07E-01	-1.71E+00	1.44E+00	bad-chisq
group_2257	9.64E-01	1.25E-07	2.37E-08	-2.09E+01	6.28E+00	1.84E+01	1.07E+01	-9.99E-01	-4.36E+00	-1.55E+00	3.66E+00	1.02E+00	-2.59E+00	-5.67E-01	1.15E+00	-1.07E-01	-1.71E+00	1.44E+00	bad-chisq
pvcD	9.64E-01	1.25E-07	2.37E-08	-2.09E+01	6.28E+00	1.84E+01	1.07E+01	-9.99E-01	-4.36E+00	-1.55E+00	3.66E+00	1.02E+00	-2.59E+00	-5.67E-01	1.15E+00	-1.07E-01	-1.71E+00	1.44E+00	bad-chisq
ansA	9.64E-01	1.25E-07	2.37E-08	-2.09E+01	6.28E+00	1.84E+01	1.07E+01	-9.99E-01	-4.36E+00	-1.55E+00	3.66E+00	1.02E+00	-2.59E+00	-5.67E-01	1.15E+00	-1.07E-01	-1.71E+00	1.44E+00	bad-chisq
group_2603	9.64E-01	1.25E-07	2.37E-08	-2.09E+01	6.28E+00	1.84E+01	1.07E+01	-9.99E-01	-4.36E+00	-1.55E+00	3.66E+00	1.02E+00	-2.59E+00	-5.67E-01	1.15E+00	-1.07E-01	-1.71E+00	1.44E+00	bad-chisq
yybH	9.64E-01	1.25E-07	2.37E-08	-2.09E+01	6.28E+00	1.84E+01	1.07E+01	-9.99E-01	-4.36E+00	-1.55E+00	3.66E+00	1.02E+00	-2.59E+00	-5.67E-01	1.15E+00	-1.07E-01	-1.71E+00	1.44E+00	bad-chisq
phnX_1	9.64E-01	1.25E-07	2.37E-08	-2.09E+01	6.28E+00	1.84E+01	1.07E+01	-9.99E-01	-4.36E+00	-1.55E+00	3.66E+00	1.02E+00	-2.59E+00	-5.67E-01	1.15E+00	-1.07E-01	-1.71E+00	1.44E+00	bad-chisq
group_5167	9.64E-01	1.25E-07	2.37E-08	-2.09E+01	6.28E+00	1.84E+01	1.07E+01	-9.99E-01	-4.36E+00	-1.55E+00	3.66E+00	1.02E+00	-2.59E+00	-5.67E-01	1.15E+00	-1.07E-01	-1.71E+00	1.44E+00	bad-chisq
pyrG_2	9.64E-01	1.25E-07	2.37E-08	-2.09E+01	6.28E+00	1.84E+01	1.07E+01	-9.99E-01	-4.36E+00	-1.55E+00	3.66E+00	1.02E+00	-2.59E+00	-5.67E-01	1.15E+00	-1.07E-01	-1.71E+00	1.44E+00	bad-chisq
group_5169	9.64E-01	1.25E-07	2.37E-08	-2.09E+01	6.28E+00	1.84E+01	1.07E+01	-9.99E-01	-4.36E+00	-1.55E+00	3.66E+00	1.02E+00	-2.59E+00	-5.67E-01	1.15E+00	-1.07E-01	-1.71E+00	1.44E+00	bad-chisq
group_5170	9.64E-01	1.25E-07	2.37E-08	-2.09E+01	6.28E+00	1.84E+01	1.07E+01	-9.99E-01	-4.36E+00	-1.55E+00	3.66E+00	1.02E+00	-2.59E+00	-5.67E-01	1.15E+00	-1.07E-01	-1.71E+00	1.44E+00	bad-chisq
group_5171	9.64E-01	1.25E-07	2.37E-08	-2.09E+01	6.28E+00	1.84E+01	1.07E+01	-9.99E-01	-4.36E+00	-1.55E+00	3.66E+00	1.02E+00	-2.59E+00	-5.67E-01	1.15E+00	-1.07E-01	-1.71E+00	1.44E+00	bad-chisq
group_5172	9.64E-01	1.25E-07	2.37E-08	-2.09E+01	6.28E+00	1.84E+01	1.07E+01	-9.99E-01	-4.36E+00	-1.55E+00	3.66E+00	1.02E+00	-2.59E+00	-5.67E-01	1.15E+00	-1.07E-01	-1.71E+00	1.44E+00	bad-chisq
group_5173	9.64E-01	1.25E-07	2.37E-08	-2.09E+01	6.28E+00	1.84E+01	1.07E+01	-9.99E-01	-4.36E+00	-1.55E+00	3.66E+00	1.02E+00	-2.59E+00	-5.67E-01	1.15E+00	-1.07E-01	-1.71E+00	1.44E+00	bad-chisq
ptxS	9.64E-01	1.25E-07	2.37E-08	-2.09E+01	6.28E+00	1.84E+01	1.07E+01	-9.99E-01	-4.36E+00	-1.55E+00	3.66E+00	1.02E+00	-2.59E+00	-5.67E-01	1.15E+00	-1.07E-01	-1.71E+00	1.44E+00	bad-chisq
ptxR	9.64E-01	1.25E-07	2.37E-08	-2.09E+01	6.28E+00	1.84E+01	1.07E+01	-9.99E-01	-4.36E+00	-1.55E+00	3.66E+00	1.02E+00	-2.59E+00	-5.67E-01	1.15E+00	-1.07E-01	-1.71E+00	1.44E+00	bad-chisq
pvcB	9.64E-01	1.25E-07	2.37E-08	-2.09E+01	6.28E+00	1.84E+01	1.07E+01	-9.99E-01	-4.36E+00	-1.55E+00	3.66E+00	1.02E+00	-2.59E+00	-5.67E-01	1.15E+00	-1.07E-01	-1.71E+00	1.44E+00	bad-chisq
pvcA	9.64E-01	1.25E-07	2.37E-08	-2.09E+01	6.28E+00	1.84E+01	1.07E+01	-9.99E-01	-4.36E+00	-1.55E+00	3.66E+00	1.02E+00	-2.59E+00	-5.67E-01	1.15E+00	-1.07E-01	-1.71E+00	1.44E+00	bad-chisq
group_5774	9.64E-01	1.25E-07	2.37E-08	-2.09E+01	6.28E+00	1.84E+01	1.07E+01	-9.99E-01	-4.36E+00	-1.55E+00	3.66E+00	1.02E+00	-2.59E+00	-5.67E-01	1.15E+00	-1.07E-01	-1.71E+00	1.44E+00	bad-chisq
group_5775	9.64E-01	1.25E-07	2.37E-08	-2.09E+01	6.28E+00	1.84E+01	1.07E+01	-9.99E-01	-4.36E+00	-1.55E+00	3.66E+00	1.02E+00	-2.59E+00	-5.67E-01	1.15E+00	-1.07E-01	-1.71E+00	1.44E+00	bad-chisq
ggt	9.64E-01	1.25E-07	2.37E-08	-2.09E+01	6.28E+00	1.84E+01	1.07E+01	-9.99E-01	-4.36E+00	-1.55E+00	3.66E+00	1.02E+00	-2.59E+00	-5.67E-01	1.15E+00	-1.07E-01	-1.71E+00	1.44E+00	bad-chisq
ansB	9.64E-01	1.25E-07	2.37E-08	-2.09E+01	6.28E+00	1.84E+01	1.07E+01	-9.99E-01	-4.36E+00	-1.55E+00	3.66E+00	1.02E+00	-2.59E+00	-5.67E-01	1.15E+00	-1.07E-01	-1.71E+00	1.44E+00	bad-chisq
group_5778	9.64E-01	1.25E-07	2.37E-08	-2.09E+01	6.28E+00	1.84E+01	1.07E+01	-9.99E-01	-4.36E+00	-1.55E+00	3.66E+00	1.02E+00	-2.59E+00	-5.67E-01	1.15E+00	-1.07E-01	-1.71E+00	1.44E+00	bad-chisq
group_5779	9.64E-01	1.25E-07	2.37E-08	-2.09E+01	6.28E+00	1.84E+01	1.07E+01	-9.99E-01	-4.36E+00	-1.55E+00	3.66E+00	1.02E+00	-2.59E+00	-5.67E-01	1.15E+00	-1.07E-01	-1.71E+00	1.44E+00	bad-chisq
group_5780	9.64E-01	1.25E-07	2.37E-08	-2.09E+01	6.28E+00	1.84E+01	1.07E+01	-9.99E-01	-4.36E+00	-1.55E+00	3.66E+00	1.02E+00	-2.59E+00	-5.67E-01	1.15E+00	-1.07E-01	-1.71E+00	1.44E+00	bad-chisq
group_5781	9.64E-01	1.25E-07	2.37E-08	-2.09E+01	6.28E+00	1.84E+01	1.07E+01	-9.99E-01	-4.36E+00	-1.55E+00	3.66E+00	1.02E+00	-2.59E+00	-5.67E-01	1.15E+00	-1.07E-01	-1.71E+00	1.44E+00	bad-chisq
group_5782	9.64E-01	1.25E-07	2.37E-08	-2.09E+01	6.28E+00	1.84E+01	1.07E+01	-9.99E-01	-4.36E+00	-1.55E+00	3.66E+00	1.02E+00	-2.59E+00	-5.67E-01	1.15E+00	-1.07E-01	-1.71E+00	1.44E+00	bad-chisq
ilvA2	9.64E-01	1.25E-07	2.37E-08	-2.09E+01	6.28E+00	1.84E+01	1.07E+01	-9.99E-01	-4.36E+00	-1.55E+00	3.66E+00	1.02E+00	-2.59E+00	-5.67E-01	1.15E+00	-1.07E-01	-1.71E+00	1.44E+00	bad-chisq
group_5785	9.64E-01	1.25E-07	2.37E-08	-2.09E+01	6.28E+00	1.84E+01	1.07E+01	-9.99E-01	-4.36E+00	-1.55E+00	3.66E+00	1.02E+00	-2.59E+00	-5.67E-01	1.15E+00	-1.07E-01	-1.71E+00	1.44E+00	bad-chisq
group_5786	9.64E-01	1.25E-07	2.37E-08	-2.09E+01	6.28E+00	1.84E+01	1.07E+01	-9.99E-01	-4.36E+00	-1.55E+00	3.66E+00	1.02E+00	-2.59E+00	-5.67E-01	1.15E+00	-1.07E-01	-1.71E+00	1.44E+00	bad-chisq
group_5787	9.64E-01	1.25E-07	2.37E-08	-2.09E+01	6.28E+00	1.84E+01	1.07E+01	-9.99E-01	-4.36E+00	-1.55E+00	3.66E+00	1.02E+00	-2.59E+00	-5.67E-01	1.15E+00	-1.07E-01	-1.71E+00	1.44E+00	bad-chisq
cyoE	9.64E-01	1.25E-07	2.37E-08	-2.09E+01	6.28E+00	1.84E+01	1.07E+01	-9.99E-01	-4.36E+00	-1.55E+00	3.66E+00	1.02E+00	-2.59E+00	-5.67E-01	1.15E+00	-1.07E-01	-1.71E+00	1.44E+00	bad-chisq
cyoD	9.64E-01	1.25E-07	2.37E-08	-2.09E+01	6.28E+00	1.84E+01	1.07E+01	-9.99E-01	-4.36E+00	-1.55E+00	3.66E+00	1.02E+00	-2.59E+00	-5.67E-01	1.15E+00	-1.07E-01	-1.71E+00	1.44E+00	bad-chisq
cyoC	9.64E-01	1.25E-07	2.37E-08	-2.09E+01	6.28E+00	1.84E+01	1.07E+01	-9.99E-01	-4.36E+00	-1.55E+00	3.66E+00	1.02E+00	-2.59E+00	-5.67E-01	1.15E+00	-1.07E-01	-1.71E+00	1.44E+00	bad-chisq
cyoB	9.64E-01	1.25E-07	2.37E-08	-2.09E+01	6.28E+00	1.84E+01	1.07E+01	-9.99E-01	-4.36E+00	-1.55E+00	3.66E+00	1.02E+00	-2.59E+00	-5.67E-01	1.15E+00	-1.07E-01	-1.71E+00	1.44E+00	bad-chisq
cyoA	9.64E-01	1.25E-07	2.37E-08	-2.09E+01	6.28E+00	1.84E+01	1.07E+01	-9.99E-01	-4.36E+00	-1.55E+00	3.66E+00	1.02E+00	-2.59E+00	-5.67E-01	1.15E+00	-1.07E-01	-1.71E+00	1.44E+00	bad-chisq
group_5797	9.64E-01	1.25E-07	2.37E-08	-2.09E+01	6.28E+00	1.84E+01	1.07E+01	-9.99E-01	-4.36E+00	-1.55E+00	3.66E+00	1.02E+00	-2.59E+00	-5.67E-01	1.15E+00	-1.07E-01	-1.71E+00	1.44E+00	bad-chisq
group_5179	9.60E-01	2.78E-08	1.18E-08	-2.09E+01	6.26E+00	1.84E+01	1.06E+01	-1.00E+00	-4.40E+00	-1.53E+00	3.63E+00	9.97E-01	-2.56E+00	-5.35E-01	1.17E+00	-1.84E-01	-1.64E+00	1.43E+00	bad-chisq
group_2561	9.57E-01	3.09E-02	3.96E-06	3.27E+01	6.38E+00	-3.38E+01	5.68E+00	1.99E+01	6.19E+00	6.09E+00	4.49E-01	2.47E+00	-8.44E-01	-1.84E+00	2.36E+00	1.89E+00	-2.60E+00	-9.00E-02	bad-chisq
group_5180	9.57E-01	7.33E-06	2.24E-06	-5.44E+00	1.78E+00	3.38E+00	2.30E+00	-1.85E+00	1.44E+00	1.67E+00	2.08E+00	2.70E+00	-2.52E+00	-3.54E+00	2.83E+00	2.57E+00	-2.63E+00	1.11E+00	
group_5566	9.39E-01	3.13E-04	4.15E-08	-5.98E+00	1.51E+00	3.55E+00	-1.89E-01	-7.50E+00	3.12E+00	1.88E+00	2.63E+00	3.45E+00	-4.38E+00	-4.57E+00	2.80E+00	5.71E+00	-2.63E+00	-7.68E-01	
group_4380	8.56E-01	1.56E-04	1.94E-08	3.45E+00	6.24E+00	-5.01E+00	9.41E-01	-1.48E+00	3.75E+00	1.78E+00	2.42E+00	3.64E+00	-2.96E+00	-4.77E+00	2.96E+00	2.28E+00	-2.53E+00	1.69E+00	bad-chisq
group_2670	8.45E-01	9.10E-11	3.63E-09	-3.57E+00	7.38E-01	1.08E+00	1.97E-01	-5.80E+00	3.19E+00	1.41E+00	8.41E-01	2.31E+00	-2.52E+00	-3.94E+00	2.56E+00	8.44E-01	-2.15E+00	1.17E+00	
group_5	7.98E-01	1.48E-14	1.31E-10	-2.87E+00	5.03E-01	4.79E-01	1.38E+00	-1.70E+00	8.80E-01	2.31E+00	1.25E+00	2.76E+00	-2.41E+00	-2.69E+00	2.36E+00	2.15E+00	-1.59E+00	-1.12E-01	
group_2833	7.80E-01	7.36E-02	5.78E-09	-3.65E+00	7.52E-01	6.84E-01	-1.73E-01	-1.22E+00	3.16E+00	4.01E+00	2.21E+00	3.80E+00	-3.65E+00	-4.00E+00	2.11E+00	3.18E+00	-3.84E+00	3.82E+00	
group_513	7.80E-01	7.36E-02	5.78E-09	-3.65E+00	7.52E-01	6.84E-01	-1.73E-01	-1.22E+00	3.16E+00	4.01E+00	2.21E+00	3.80E+00	-3.65E+00	-4.00E+00	2.11E+00	3.18E+00	-3.84E+00	3.82E+00	
group_6408	7.80E-01	7.36E-02	5.78E-09	-3.65E+00	7.52E-01	6.84E-01	-1.73E-01	-1.22E+00	3.16E+00	4.01E+00	2.21E+00	3.80E+00	-3.65E+00	-4.00E+00	2.11E+00	3.18E+00	-3.84E+00	3.82E+00	
group_6409	7.80E-01	7.36E-02	5.78E-09	-3.65E+00	7.52E-01	6.84E-01	-1.73E-01	-1.22E+00	3.16E+00	4.01E+00	2.21E+00	3.80E+00	-3.65E+00	-4.00E+00	2.11E+00	3.18E+00	-3.84E+00	3.82E+00	
group_6410	7.80E-01	7.36E-02	5.78E-09	-3.65E+00	7.52E-01	6.84E-01	-1.73E-01	-1.22E+00	3.16E+00	4.01E+00	2.21E+00	3.80E+00	-3.65E+00	-4.00E+00	2.11E+00	3.18E+00	-3.84E+00	3.82E+00	
group_6411	7.80E-01	7.36E-02	5.78E-09	-3.65E+00	7.52E-01	6.84E-01	-1.73E-01	-1.22E+00	3.16E+00	4.01E+00	2.21E+00	3.80E+00	-3.65E+00	-4.00E+00	2.11E+00	3.18E+00	-3.84E+00	3.82E+00	
group_6412	7.80E-01	7.36E-02	5.78E-09	-3.65E+00	7.52E-01	6.84E-01	-1.73E-01	-1.22E+00	3.16E+00	4.01E+00	2.21E+00	3.80E+00	-3.65E+00	-4.00E+00	2.11E+00	3.18E+00	-3.84E+00	3.82E+00	
group_7917	7.80E-01	7.36E-02	5.78E-09	-3.65E+00	7.52E-01	6.84E-01	-1.73E-01	-1.22E+00	3.16E+00	4.01E+00	2.21E+00	3.80E+00	-3.65E+00	-4.00E+00	2.11E+00	3.18E+00	-3.84E+00	3.82E+00	
group_6407	7.65E-01	1.60E-01	4.44E-06	-2.40E+00	5.73E-01	-1.56E-01	8.54E-02	-1.35E+00	3.10E+00	3.10E+00	2.23E+00	3.49E+00	-2.84E+00	-4.06E+00	2.29E+00	3.33E+00	-3.09E+00	2.70E+00	
group_163	6.43E-01	1.75E-01	4.70E-06	2.76E+00	6.62E-01	-3.85E+00	1.55E+00	-5.19E+00	2.85E+00	4.03E+00	5.73E-01	3.35E+00	-1.04E+00	-4.66E+00	4.15E+00	4.03E+00	-2.57E+00	1.35E+00	
group_233	6.10E-01	8.35E-02	3.69E-06	2.72E+00	6.31E-01	-3.65E+00	1.86E+00	-5.02E+00	2.04E+00	3.67E+00	3.55E-01	3.24E+00	-1.14E+00	-4.79E+00	3.54E+00	2.66E+00	-2.67E+00	4.84E-01	
group_788	5.92E-01	1.68E-06	4.00E-07	-2.26E+00	4.89E-01	-7.54E-01	1.78E+00	-3.76E+00	3.10E+00	2.39E+00	1.81E+00	2.77E+00	-2.74E+00	-3.38E+00	3.78E+00	2.48E+00	-2.57E+00	1.77E+00	
tetA	5.81E-01	7.89E-08	2.18E-07	-2.87E+00	6.14E-01	-5.12E-01	-2.23E-01	-5.06E-01	3.57E+00	7.74E-01	8.41E-01	2.83E+00	-1.05E+00	-4.36E+00	3.80E+00	4.50E+00	-1.69E+00	2.58E+00	
group_5979	5.81E-01	7.89E-08	2.18E-07	-2.87E+00	6.14E-01	-5.12E-01	-2.23E-01	-5.06E-01	3.57E+00	7.74E-01	8.41E-01	2.83E+00	-1.05E+00	-4.36E+00	3.80E+00	4.50E+00	-1.69E+00	2.58E+00	
yecD	5.81E-01	7.89E-08	2.18E-07	-2.87E+00	6.14E-01	-5.12E-01	-2.23E-01	-5.06E-01	3.57E+00	7.74E-01	8.41E-01	2.83E+00	-1.05E+00	-4.36E+00	3.80E+00	4.50E+00	-1.69E+00	2.58E+00	
rayT	5.81E-01	3.48E-07	1.66E-06	-2.17E+00	5.08E-01	-1.00E+00	1.47E-01	-3.25E+00	3.49E+00	2.29E+00	8.84E-01	4.03E+00	-3.06E+00	-3.92E+00	3.73E+00	2.69E+00	-3.21E+00	4.68E-01	
group_2715	5.42E-01	6.53E-06	2.25E-06	-2.39E+00	5.67E-01	-6.33E-01	-9.21E-01	-3.22E+00	3.05E+00	1.64E+00	1.22E+00	3.10E+00	-2.26E+00	-2.19E+00	2.74E+00	1.50E+00	-2.58E+00	1.89E+00	
group_6370	4.22E-01	8.06E-03	8.71E-07	-2.59E+00	5.91E-01	-1.22E+00	1.95E+00	-4.29E+00	4.18E+00	1.73E+00	2.02E+00	5.13E+00	-5.50E+00	-5.01E+00	2.68E+00	4.44E+00	-3.48E+00	2.08E+00	
group_6371	4.22E-01	8.06E-03	8.71E-07	-2.59E+00	5.91E-01	-1.22E+00	1.95E+00	-4.29E+00	4.18E+00	1.73E+00	2.02E+00	5.13E+00	-5.50E+00	-5.01E+00	2.68E+00	4.44E+00	-3.48E+00	2.08E+00	
group_6372	4.22E-01	8.06E-03	8.71E-07	-2.59E+00	5.91E-01	-1.22E+00	1.95E+00	-4.29E+00	4.18E+00	1.73E+00	2.02E+00	5.13E+00	-5.50E+00	-5.01E+00	2.68E+00	4.44E+00	-3.48E+00	2.08E+00	
group_353	4.19E-01	1.85E-02	3.92E-06	3.19E+00	7.94E-01	-3.45E+00	2.49E+00	-4.00E+00	2.89E+00	3.77E+00	6.44E-02	3.54E+00	-1.06E+00	-5.22E+00	4.14E+00	2.70E+00	-2.43E+00	-5.68E-01	
group_2067	4.12E-01	5.00E-02	4.70E-06	2.18E+00	5.10E-01	-2.98E+00	7.49E-01	-3.54E+00	1.88E+00	3.90E+00	1.31E+00	3.43E+00	-3.01E+00	-4.00E+00	4.10E+00	3.36E+00	-2.53E+00	8.72E-01	
group_940	4.08E-01	4.11E-07	2.63E-07	2.96E+00	6.33E-01	-3.49E+00	8.97E-02	1.22E-01	4.18E+00	1.04E+00	9.57E-01	3.17E+00	-1.34E+00	-4.82E+00	4.09E+00	4.78E+00	-1.69E+00	2.57E+00	
group_1839	3.97E-01	1.40E-04	3.34E-12	-5.00E+00	8.94E-01	-4.13E-01	2.61E-01	3.78E-01	-1.19E+00	2.23E+00	9.50E-01	4.31E+00	-1.64E+00	-5.69E+00	3.70E+00	3.27E+00	-2.54E+00	-1.52E+00	
group_1840	3.97E-01	1.40E-04	3.34E-12	-5.00E+00	8.94E-01	-4.13E-01	2.61E-01	3.78E-01	-1.19E+00	2.23E+00	9.50E-01	4.31E+00	-1.64E+00	-5.69E+00	3.70E+00	3.27E+00	-2.54E+00	-1.52E+00	
group_1841	3.97E-01	1.40E-04	3.34E-12	-5.00E+00	8.94E-01	-4.13E-01	2.61E-01	3.78E-01	-1.19E+00	2.23E+00	9.50E-01	4.31E+00	-1.64E+00	-5.69E+00	3.70E+00	3.27E+00	-2.54E+00	-1.52E+00	
group_1842	3.97E-01	1.40E-04	3.34E-12	-5.00E+00	8.94E-01	-4.13E-01	2.61E-01	3.78E-01	-1.19E+00	2.23E+00	9.50E-01	4.31E+00	-1.64E+00	-5.69E+00	3.70E+00	3.27E+00	-2.54E+00	-1.52E+00	
group_1844	3.97E-01	1.40E-04	3.34E-12	-5.00E+00	8.94E-01	-4.13E-01	2.61E-01	3.78E-01	-1.19E+00	2.23E+00	9.50E-01	4.31E+00	-1.64E+00	-5.69E+00	3.70E+00	3.27E+00	-2.54E+00	-1.52E+00	
group_4207	3.97E-01	1.40E-04	3.34E-12	-5.00E+00	8.94E-01	-4.13E-01	2.61E-01	3.78E-01	-1.19E+00	2.23E+00	9.50E-01	4.31E+00	-1.64E+00	-5.69E+00	3.70E+00	3.27E+00	-2.54E+00	-1.52E+00	
group_602	3.97E-01	1.40E-04	3.34E-12	-5.00E+00	8.94E-01	-4.13E-01	2.61E-01	3.78E-01	-1.19E+00	2.23E+00	9.50E-01	4.31E+00	-1.64E+00	-5.69E+00	3.70E+00	3.27E+00	-2.54E+00	-1.52E+00	
cysC	3.97E-01	1.40E-04	3.34E-12	-5.00E+00	8.94E-01	-4.13E-01	2.61E-01	3.78E-01	-1.19E+00	2.23E+00	9.50E-01	4.31E+00	-1.64E+00	-5.69E+00	3.70E+00	3.27E+00	-2.54E+00	-1.52E+00	
group_1843	3.94E-01	5.90E-05	3.88E-14	-5.78E+00	1.01E+00	-3.09E-01	2.17E-01	6.50E-01	-1.61E+00	2.38E+00	9.82E-01	4.64E+00	-1.61E+00	-6.06E+00	3.96E+00	3.36E+00	-2.71E+00	-1.91E+00	
group_4208	3.94E-01	5.90E-05	3.88E-14	-5.78E+00	1.01E+00	-3.09E-01	2.17E-01	6.50E-01	-1.61E+00	2.38E+00	9.82E-01	4.64E+00	-1.61E+00	-6.06E+00	3.96E+00	3.36E+00	-2.71E+00	-1.91E+00	
galE	3.94E-01	5.90E-05	3.88E-14	-5.78E+00	1.01E+00	-3.09E-01	2.17E-01	6.50E-01	-1.61E+00	2.38E+00	9.82E-01	4.64E+00	-1.61E+00	-6.06E+00	3.96E+00	3.36E+00	-2.71E+00	-1.91E+00	
group_983	3.94E-01	5.90E-05	3.88E-14	-5.78E+00	1.01E+00	-3.09E-01	2.17E-01	6.50E-01	-1.61E+00	2.38E+00	9.82E-01	4.64E+00	-1.61E+00	-6.06E+00	3.96E+00	3.36E+00	-2.71E+00	-1.91E+00	
group_603	3.75E-01	6.86E-04	2.84E-11	-4.92E+00	9.01E-01	-5.77E-01	3.20E-01	2.60E-01	-1.02E+00	2.43E+00	9.46E-01	4.52E+00	-1.67E+00	-5.89E+00	4.01E+00	3.42E+00	-2.84E+00	-1.43E+00	
group_1062	3.10E-01	4.19E-12	1.76E-14	3.90E+00	6.19E-01	-3.57E+00	-1.90E+00	-1.43E+00	2.52E+00	9.49E-01	1.81E+00	3.22E+00	-4.16E+00	-4.11E+00	4.06E+00	5.76E+00	-6.53E-01	1.12E+00	
group_13802	3.00E-01	2.63E-02	2.65E-07	3.56E+00	7.47E-01	-3.38E+00	8.65E-01	-4.95E+00	6.41E+00	6.83E-01	2.20E+00	5.52E+00	-5.09E+00	-5.32E+00	3.48E+00	4.84E+00	-3.89E+00	2.78E-01	
group_2721	3.00E-01	2.63E-02	2.65E-07	3.56E+00	7.47E-01	-3.38E+00	8.65E-01	-4.95E+00	6.41E+00	6.83E-01	2.20E+00	5.52E+00	-5.09E+00	-5.32E+00	3.48E+00	4.84E+00	-3.89E+00	2.78E-01	
group_6023	3.00E-01	2.63E-02	2.65E-07	3.56E+00	7.47E-01	-3.38E+00	8.65E-01	-4.95E+00	6.41E+00	6.83E-01	2.20E+00	5.52E+00	-5.09E+00	-5.32E+00	3.48E+00	4.84E+00	-3.89E+00	2.78E-01	
oprN_2	3.00E-01	2.63E-02	2.65E-07	3.56E+00	7.47E-01	-3.38E+00	8.65E-01	-4.95E+00	6.41E+00	6.83E-01	2.20E+00	5.52E+00	-5.09E+00	-5.32E+00	3.48E+00	4.84E+00	-3.89E+00	2.78E-01	
group_6025	3.00E-01	2.63E-02	2.65E-07	3.56E+00	7.47E-01	-3.38E+00	8.65E-01	-4.95E+00	6.41E+00	6.83E-01	2.20E+00	5.52E+00	-5.09E+00	-5.32E+00	3.48E+00	4.84E+00	-3.89E+00	2.78E-01	
group_6026	3.00E-01	2.63E-02	2.65E-07	3.56E+00	7.47E-01	-3.38E+00	8.65E-01	-4.95E+00	6.41E+00	6.83E-01	2.20E+00	5.52E+00	-5.09E+00	-5.32E+00	3.48E+00	4.84E+00	-3.89E+00	2.78E-01	
ybhF	3.00E-01	2.63E-02	2.65E-07	3.56E+00	7.47E-01	-3.38E+00	8.65E-01	-4.95E+00	6.41E+00	6.83E-01	2.20E+00	5.52E+00	-5.09E+00	-5.32E+00	3.48E+00	4.84E+00	-3.89E+00	2.78E-01	
group_6028	3.00E-01	2.63E-02	2.65E-07	3.56E+00	7.47E-01	-3.38E+00	8.65E-01	-4.95E+00	6.41E+00	6.83E-01	2.20E+00	5.52E+00	-5.09E+00	-5.32E+00	3.48E+00	4.84E+00	-3.89E+00	2.78E-01	
group_6029	3.00E-01	2.63E-02	2.65E-07	3.56E+00	7.47E-01	-3.38E+00	8.65E-01	-4.95E+00	6.41E+00	6.83E-01	2.20E+00	5.52E+00	-5.09E+00	-5.32E+00	3.48E+00	4.84E+00	-3.89E+00	2.78E-01	
pvdG_1	3.00E-01	2.63E-02	2.65E-07	3.56E+00	7.47E-01	-3.38E+00	8.65E-01	-4.95E+00	6.41E+00	6.83E-01	2.20E+00	5.52E+00	-5.09E+00	-5.32E+00	3.48E+00	4.84E+00	-3.89E+00	2.78E-01	
group_6031	3.00E-01	2.63E-02	2.65E-07	3.56E+00	7.47E-01	-3.38E+00	8.65E-01	-4.95E+00	6.41E+00	6.83E-01	2.20E+00	5.52E+00	-5.09E+00	-5.32E+00	3.48E+00	4.84E+00	-3.89E+00	2.78E-01	
liuA_1	3.00E-01	2.63E-02	2.65E-07	3.56E+00	7.47E-01	-3.38E+00	8.65E-01	-4.95E+00	6.41E+00	6.83E-01	2.20E+00	5.52E+00	-5.09E+00	-5.32E+00	3.48E+00	4.84E+00	-3.89E+00	2.78E-01	
group_6033	3.00E-01	2.63E-02	2.65E-07	3.56E+00	7.47E-01	-3.38E+00	8.65E-01	-4.95E+00	6.41E+00	6.83E-01	2.20E+00	5.52E+00	-5.09E+00	-5.32E+00	3.48E+00	4.84E+00	-3.89E+00	2.78E-01	
group_6034	3.00E-01	2.63E-02	2.65E-07	3.56E+00	7.47E-01	-3.38E+00	8.65E-01	-4.95E+00	6.41E+00	6.83E-01	2.20E+00	5.52E+00	-5.09E+00	-5.32E+00	3.48E+00	4.84E+00	-3.89E+00	2.78E-01	
group_6035	3.00E-01	2.63E-02	2.65E-07	3.56E+00	7.47E-01	-3.38E+00	8.65E-01	-4.95E+00	6.41E+00	6.83E-01	2.20E+00	5.52E+00	-5.09E+00	-5.32E+00	3.48E+00	4.84E+00	-3.89E+00	2.78E-01	
group_6036	3.00E-01	2.63E-02	2.65E-07	3.56E+00	7.47E-01	-3.38E+00	8.65E-01	-4.95E+00	6.41E+00	6.83E-01	2.20E+00	5.52E+00	-5.09E+00	-5.32E+00	3.48E+00	4.84E+00	-3.89E+00	2.78E-01	
group_6037	3.00E-01	2.63E-02	2.65E-07	3.56E+00	7.47E-01	-3.38E+00	8.65E-01	-4.95E+00	6.41E+00	6.83E-01	2.20E+00	5.52E+00	-5.09E+00	-5.32E+00	3.48E+00	4.84E+00	-3.89E+00	2.78E-01	
rppA	3.00E-01	2.63E-02	2.65E-07	3.56E+00	7.47E-01	-3.38E+00	8.65E-01	-4.95E+00	6.41E+00	6.83E-01	2.20E+00	5.52E+00	-5.09E+00	-5.32E+00	3.48E+00	4.84E+00	-3.89E+00	2.78E-01	
group_2645	2.96E-01	4.37E-05	4.19E-06	2.79E+00	6.80E-01	-2.89E+00	1.33E+00	-3.91E+00	5.52E+00	2.85E+00	2.06E+00	2.70E+00	-3.74E+00	-3.74E+00	3.71E+00	4.46E+00	-8.06E-01	5.58E-01	
group_861	2.92E-01	1.00E-03	7.93E-08	2.66E+00	5.47E-01	-2.77E+00	3.36E-01	-2.81E+00	2.23E+00	2.31E+00	2.83E+00	2.90E+00	-2.33E+00	-5.65E+00	2.51E+00	1.74E+00	-1.49E+00	1.50E+00	
group_6017	2.78E-01	7.98E-01	5.08E-07	3.52E+00	7.87E-01	-3.06E+00	1.81E-02	-3.07E+00	4.75E+00	3.51E+00	4.26E+00	4.45E+00	-8.12E-01	-4.87E+00	2.67E+00	3.21E+00	-4.92E+00	5.11E-01	
group_3009	2.53E-01	9.88E-01	2.31E-06	-3.13E+00	8.43E-01	-1.42E+00	-1.91E+00	-7.18E-01	2.23E+00	4.03E+00	1.49E+00	4.76E+00	-3.72E+00	-5.66E+00	2.90E+00	3.30E+00	-2.96E+00	1.48E+00	
mhpE	2.53E-01	9.88E-01	2.31E-06	-3.13E+00	8.43E-01	-1.42E+00	-1.91E+00	-7.18E-01	2.23E+00	4.03E+00	1.49E+00	4.76E+00	-3.72E+00	-5.66E+00	2.90E+00	3.30E+00	-2.96E+00	1.48E+00	
ubiG_1	2.53E-01	9.88E-01	2.31E-06	-3.13E+00	8.43E-01	-1.42E+00	-1.91E+00	-7.18E-01	2.23E+00	4.03E+00	1.49E+00	4.76E+00	-3.72E+00	-5.66E+00	2.90E+00	3.30E+00	-2.96E+00	1.48E+00	
group_6909	2.53E-01	9.88E-01	2.31E-06	-3.13E+00	8.43E-01	-1.42E+00	-1.91E+00	-7.18E-01	2.23E+00	4.03E+00	1.49E+00	4.76E+00	-3.72E+00	-5.66E+00	2.90E+00	3.30E+00	-2.96E+00	1.48E+00	
kdsB_1	2.53E-01	9.88E-01	2.31E-06	-3.13E+00	8.43E-01	-1.42E+00	-1.91E+00	-7.18E-01	2.23E+00	4.03E+00	1.49E+00	4.76E+00	-3.72E+00	-5.66E+00	2.90E+00	3.30E+00	-2.96E+00	1.48E+00	
group_6911	2.53E-01	9.88E-01	2.31E-06	-3.13E+00	8.43E-01	-1.42E+00	-1.91E+00	-7.18E-01	2.23E+00	4.03E+00	1.49E+00	4.76E+00	-3.72E+00	-5.66E+00	2.90E+00	3.30E+00	-2.96E+00	1.48E+00	
group_7672	2.27E-01	7.13E-09	2.26E-07	2.24E+00	4.62E-01	-2.41E+00	3.14E-01	-2.47E+00	1.56E+00	1.88E+00	1.70E+00	2.96E+00	-2.65E+00	-3.72E+00	3.38E+00	2.15E+00	-1.47E+00	8.69E-01	
group_7918	2.27E-01	1.19E-06	8.71E-07	-4.82E+00	1.72E+00	-1.33E+00	7.71E-01	-2.22E+00	3.70E+00	1.29E+00	2.56E+00	2.56E+00	-5.67E+00	-3.21E+00	3.41E+00	2.43E+00	-2.17E+00	1.03E+00	
arr_2	2.13E-01	1.84E-01	3.26E-08	3.55E+00	7.59E-01	-2.94E+00	-2.11E-02	-1.37E+00	3.42E+00	4.05E+00	2.21E+00	4.02E+00	-4.10E+00	-4.40E+00	2.14E+00	3.42E+00	-3.62E+00	3.66E+00	
group_6149	2.09E-01	1.03E-06	1.06E-07	-3.47E+00	1.21E+00	-1.08E+00	4.02E-01	-1.05E+00	1.52E+00	1.01E+00	1.01E+00	1.97E+00	-1.96E+00	-2.88E+00	1.24E+00	3.11E+00	-2.33E+00	1.56E+00	bad-chisq
group_6150	2.09E-01	1.03E-06	1.06E-07	-3.47E+00	1.21E+00	-1.08E+00	4.02E-01	-1.05E+00	1.52E+00	1.01E+00	1.01E+00	1.97E+00	-1.96E+00	-2.88E+00	1.24E+00	3.11E+00	-2.33E+00	1.56E+00	bad-chisq
group_6151	2.09E-01	1.03E-06	1.06E-07	-3.47E+00	1.21E+00	-1.08E+00	4.02E-01	-1.05E+00	1.52E+00	1.01E+00	1.01E+00	1.97E+00	-1.96E+00	-2.88E+00	1.24E+00	3.11E+00	-2.33E+00	1.56E+00	bad-chisq
group_6152	2.09E-01	1.03E-06	1.06E-07	-3.47E+00	1.21E+00	-1.08E+00	4.02E-01	-1.05E+00	1.52E+00	1.01E+00	1.01E+00	1.97E+00	-1.96E+00	-2.88E+00	1.24E+00	3.11E+00	-2.33E+00	1.56E+00	bad-chisq
group_6153	2.09E-01	1.03E-06	1.06E-07	-3.47E+00	1.21E+00	-1.08E+00	4.02E-01	-1.05E+00	1.52E+00	1.01E+00	1.01E+00	1.97E+00	-1.96E+00	-2.88E+00	1.24E+00	3.11E+00	-2.33E+00	1.56E+00	bad-chisq
group_6154	2.09E-01	1.03E-06	1.06E-07	-3.47E+00	1.21E+00	-1.08E+00	4.02E-01	-1.05E+00	1.52E+00	1.01E+00	1.01E+00	1.97E+00	-1.96E+00	-2.88E+00	1.24E+00	3.11E+00	-2.33E+00	1.56E+00	bad-chisq
group_6155	2.09E-01	1.03E-06	1.06E-07	-3.47E+00	1.21E+00	-1.08E+00	4.02E-01	-1.05E+00	1.52E+00	1.01E+00	1.01E+00	1.97E+00	-1.96E+00	-2.88E+00	1.24E+00	3.11E+00	-2.33E+00	1.56E+00	bad-chisq
radC_1	1.95E-01	1.15E-01	4.57E-06	-5.93E+00	2.04E+00	-1.03E+00	-1.42E+00	-3.37E-01	-9.27E-02	4.66E+00	3.18E+00	2.78E+00	-2.64E+00	-3.09E+00	2.19E+00	3.69E+00	-2.29E+00	8.38E-01	
group_64	1.91E-01	4.45E-06	8.91E-07	-3.81E+00	1.41E+00	-9.34E-01	8.05E-01	5.48E-01	1.97E-01	2.81E+00	-7.59E-01	9.74E-01	-4.02E-01	-1.37E+00	1.72E+00	3.13E+00	-2.25E+00	1.01E+00	bad-chisq
group_1440	1.77E-01	5.39E-01	2.82E-06	4.35E+00	1.02E+00	-2.93E+00	1.20E-01	-5.70E+00	3.95E+00	3.63E+00	2.89E+00	4.40E+00	-4.43E+00	-6.14E+00	4.79E+00	1.73E+00	-4.23E-01	1.49E+00	
group_6351	1.77E-01	5.39E-01	2.82E-06	4.35E+00	1.02E+00	-2.93E+00	1.20E-01	-5.70E+00	3.95E+00	3.63E+00	2.89E+00	4.40E+00	-4.43E+00	-6.14E+00	4.79E+00	1.73E+00	-4.23E-01	1.49E+00	
group_2814	1.73E-01	4.74E-01	1.30E-06	4.60E+00	1.06E+00	-2.95E+00	5.12E-02	-5.84E+00	3.85E+00	3.72E+00	2.82E+00	4.40E+00	-4.57E+00	-6.17E+00	4.74E+00	1.60E+00	-2.54E-01	1.51E+00	
group_6350	1.70E-01	4.13E-01	7.22E-07	4.80E+00	1.09E+00	-2.97E+00	-5.50E-03	-5.91E+00	3.74E+00	3.83E+00	2.72E+00	4.42E+00	-4.55E+00	-6.07E+00	4.67E+00	1.38E+00	-2.02E-01	1.55E+00	
group_1403	1.66E-01	3.15E-05	7.86E-07	-3.72E+00	1.24E+00	-1.11E+00	9.35E-01	-3.23E+00	1.83E+00	2.90E+00	1.30E+00	2.00E+00	-1.99E+00	-2.64E+00	1.07E+00	1.81E+00	-1.66E+00	7.83E-01	bad-chisq
tsx	1.62E-01	6.72E-09	2.50E-07	3.15E+00	6.87E-01	-2.46E+00	5.84E-01	-5.96E+00	3.83E+00	1.61E+00	1.25E+00	2.50E+00	-3.22E+00	-3.92E+00	2.60E+00	2.64E+00	-2.17E+00	-3.54E-02	
group_6136	1.48E-01	2.37E-05	3.46E-06	-3.84E+00	7.91E-01	-1.36E+00	8.89E-01	-2.02E+00	2.39E+00	1.95E+00	1.43E+00	3.11E+00	-2.77E+00	-4.23E+00	1.52E+00	1.43E+00	-1.25E+00	6.69E-01	bad-chisq
group_514	1.41E-01	2.02E-04	1.67E-06	-3.10E+00	1.35E+00	-1.27E+00	9.26E-01	-2.93E-01	1.58E+00	2.65E+00	6.53E-01	1.88E+00	-1.38E+00	-2.55E+00	1.97E+00	3.36E+00	-3.03E+00	1.28E+00	bad-chisq
group_7127	1.41E-01	4.04E-05	7.16E-10	-4.69E+00	7.28E-01	-1.58E+00	1.06E+00	-1.47E+00	3.85E+00	1.75E+00	2.55E+00	3.77E+00	-3.01E+00	-4.93E+00	3.02E+00	2.09E+00	-2.60E+00	1.81E+00	bad-chisq
group_2765	1.34E-01	1.44E-03	1.55E-08	-1.12E+01	1.27E+00	-1.28E+00	2.22E-01	-1.63E+00	2.82E+00	1.92E+00	1.22E+00	2.43E+00	-1.06E+01	-1.95E+00	4.64E+00	8.83E-01	-4.15E+00	1.85E+00	high-bse
yfeX	1.30E-01	8.35E-07	2.87E-07	3.40E+00	7.69E-01	-2.61E+00	9.75E-01	-5.34E+00	3.48E+00	2.30E+00	3.11E-01	3.03E+00	-4.29E+00	-4.83E+00	1.79E+00	3.42E+00	-3.10E+00	3.98E-01	
group_8170	1.23E-01	8.67E-06	1.95E-13	5.12E+00	9.49E-01	-2.88E+00	-2.94E-02	-6.35E+00	2.96E+00	3.45E+00	1.77E+00	4.08E+00	-5.59E+00	-5.22E+00	2.03E+00	5.91E+00	-2.49E+00	1.03E+00	
group_9918	1.19E-01	4.75E-07	5.36E-07	5.54E+00	1.63E+00	-2.16E+00	2.05E+00	-3.61E+00	2.57E+00	3.51E-01	-3.04E-01	9.38E-01	-1.06E+00	-2.56E+00	1.62E+00	3.76E-01	-3.14E+00	1.41E+00	
group_10053	1.01E-01	2.96E-06	3.21E-06	4.92E+00	1.34E+00	-2.29E+00	2.73E+00	-3.58E+00	3.17E+00	5.86E-01	3.20E-01	1.68E+00	-1.73E+00	-3.33E+00	2.49E+00	1.31E+00	-3.05E+00	1.38E+00	
group_1566	1.01E-01	8.75E-04	2.98E-09	5.06E+00	1.14E+00	-2.61E+00	-8.44E-03	-5.63E-01	2.48E+00	2.91E+00	9.14E-01	5.19E+00	-5.21E+00	-5.04E+00	1.46E+00	2.09E+00	-3.51E+00	1.14E+00	
group_10050	9.75E-02	1.10E-06	2.82E-07	7.16E+00	2.11E+00	-2.37E+00	3.43E+00	-4.33E+00	3.31E+00	-2.04E-01	-5.10E-01	9.37E-01	-1.46E+00	-3.04E+00	1.92E+00	3.43E-01	-2.94E+00	1.38E+00	
group_10051	9.75E-02	1.10E-06	2.82E-07	7.16E+00	2.11E+00	-2.37E+00	3.43E+00	-4.33E+00	3.31E+00	-2.04E-01	-5.10E-01	9.37E-01	-1.46E+00	-3.04E+00	1.92E+00	3.43E-01	-2.94E+00	1.38E+00	
group_10052	9.75E-02	1.10E-06	2.82E-07	7.16E+00	2.11E+00	-2.37E+00	3.43E+00	-4.33E+00	3.31E+00	-2.04E-01	-5.10E-01	9.37E-01	-1.46E+00	-3.04E+00	1.92E+00	3.43E-01	-2.94E+00	1.38E+00	
group_8219	9.39E-02	3.74E-07	2.05E-06	2.45E+00	5.41E-01	-2.33E+00	6.15E-01	-2.39E+00	3.31E+00	2.90E+00	1.99E+00	3.41E+00	-2.97E+00	-4.37E+00	3.69E+00	3.50E+00	-2.06E+00	1.15E+00	
group_340	8.66E-02	4.47E-07	5.46E-07	3.10E+00	7.13E-01	-2.21E+00	1.26E+00	-1.46E+00	9.40E-01	2.60E+00	1.04E+00	2.83E+00	-2.78E+00	-3.45E+00	2.19E+00	2.57E+00	-3.31E+00	1.65E+00	
group_7651	8.66E-02	4.94E-06	2.70E-09	6.99E+00	1.60E+00	-2.75E+00	-1.85E-01	-3.35E-01	4.22E+00	-2.15E-01	1.80E+00	6.44E+00	-4.71E+00	-3.47E+00	2.95E+00	6.01E+00	-1.86E+00	-1.80E+00	
group_7652	8.66E-02	4.94E-06	2.70E-09	6.99E+00	1.60E+00	-2.75E+00	-1.85E-01	-3.35E-01	4.22E+00	-2.15E-01	1.80E+00	6.44E+00	-4.71E+00	-3.47E+00	2.95E+00	6.01E+00	-1.86E+00	-1.80E+00	
group_7653	8.66E-02	4.94E-06	2.70E-09	6.99E+00	1.60E+00	-2.75E+00	-1.85E-01	-3.35E-01	4.22E+00	-2.15E-01	1.80E+00	6.44E+00	-4.71E+00	-3.47E+00	2.95E+00	6.01E+00	-1.86E+00	-1.80E+00	
group_7654	8.66E-02	4.94E-06	2.70E-09	6.99E+00	1.60E+00	-2.75E+00	-1.85E-01	-3.35E-01	4.22E+00	-2.15E-01	1.80E+00	6.44E+00	-4.71E+00	-3.47E+00	2.95E+00	6.01E+00	-1.86E+00	-1.80E+00	
group_7655	8.66E-02	4.94E-06	2.70E-09	6.99E+00	1.60E+00	-2.75E+00	-1.85E-01	-3.35E-01	4.22E+00	-2.15E-01	1.80E+00	6.44E+00	-4.71E+00	-3.47E+00	2.95E+00	6.01E+00	-1.86E+00	-1.80E+00	
group_7656	8.66E-02	4.94E-06	2.70E-09	6.99E+00	1.60E+00	-2.75E+00	-1.85E-01	-3.35E-01	4.22E+00	-2.15E-01	1.80E+00	6.44E+00	-4.71E+00	-3.47E+00	2.95E+00	6.01E+00	-1.86E+00	-1.80E+00	
group_7465	7.94E-02	4.79E-02	1.74E-07	-1.36E+01	1.24E+00	-1.42E+00	2.55E-01	-1.65E+00	2.97E+00	2.30E+00	1.02E+00	2.45E+00	-1.24E+01	-1.59E+00	5.59E+00	1.27E+00	-5.06E+00	2.06E+00	high-bse
group_7467	7.94E-02	4.79E-02	1.74E-07	-1.36E+01	1.24E+00	-1.42E+00	2.55E-01	-1.65E+00	2.97E+00	2.30E+00	1.02E+00	2.45E+00	-1.24E+01	-1.59E+00	5.59E+00	1.27E+00	-5.06E+00	2.06E+00	high-bse
group_7468	7.94E-02	4.79E-02	1.74E-07	-1.36E+01	1.24E+00	-1.42E+00	2.55E-01	-1.65E+00	2.97E+00	2.30E+00	1.02E+00	2.45E+00	-1.24E+01	-1.59E+00	5.59E+00	1.27E+00	-5.06E+00	2.06E+00	high-bse
group_7469	7.94E-02	4.79E-02	1.74E-07	-1.36E+01	1.24E+00	-1.42E+00	2.55E-01	-1.65E+00	2.97E+00	2.30E+00	1.02E+00	2.45E+00	-1.24E+01	-1.59E+00	5.59E+00	1.27E+00	-5.06E+00	2.06E+00	high-bse
group_5231	7.58E-02	9.05E-02	1.99E-06	5.75E+00	1.53E+00	-3.05E+00	1.06E+00	-1.69E+00	3.30E+00	4.92E+00	5.51E-01	4.64E+00	-6.09E+00	-5.63E+00	2.65E+00	6.43E+00	-2.27E+00	4.58E+00	
group_7449	7.22E-02	7.44E-02	4.14E-08	-1.29E+01	1.25E+00	-1.40E+00	2.98E-02	-1.61E+00	3.01E+00	2.28E+00	1.08E+00	2.39E+00	-1.15E+01	-1.54E+00	5.62E+00	1.35E+00	-5.02E+00	2.03E+00	high-bse
group_7450	7.22E-02	7.44E-02	4.14E-08	-1.29E+01	1.25E+00	-1.40E+00	2.98E-02	-1.61E+00	3.01E+00	2.28E+00	1.08E+00	2.39E+00	-1.15E+01	-1.54E+00	5.62E+00	1.35E+00	-5.02E+00	2.03E+00	high-bse
merC	7.22E-02	7.44E-02	4.14E-08	-1.29E+01	1.25E+00	-1.40E+00	2.98E-02	-1.61E+00	3.01E+00	2.28E+00	1.08E+00	2.39E+00	-1.15E+01	-1.54E+00	5.62E+00	1.35E+00	-5.02E+00	2.03E+00	high-bse
group_7452	7.22E-02	7.44E-02	4.14E-08	-1.29E+01	1.25E+00	-1.40E+00	2.98E-02	-1.61E+00	3.01E+00	2.28E+00	1.08E+00	2.39E+00	-1.15E+01	-1.54E+00	5.62E+00	1.35E+00	-5.02E+00	2.03E+00	high-bse
group_7453	7.22E-02	7.44E-02	4.14E-08	-1.29E+01	1.25E+00	-1.40E+00	2.98E-02	-1.61E+00	3.01E+00	2.28E+00	1.08E+00	2.39E+00	-1.15E+01	-1.54E+00	5.62E+00	1.35E+00	-5.02E+00	2.03E+00	high-bse
group_7454	7.22E-02	7.44E-02	4.14E-08	-1.29E+01	1.25E+00	-1.40E+00	2.98E-02	-1.61E+00	3.01E+00	2.28E+00	1.08E+00	2.39E+00	-1.15E+01	-1.54E+00	5.62E+00	1.35E+00	-5.02E+00	2.03E+00	high-bse
group_3114	6.86E-02	9.39E-03	4.30E-06	6.06E+00	6.19E-01	-1.76E+00	-1.75E-01	-2.84E-01	1.92E+00	1.30E+00	1.17E+00	3.31E+00	-2.62E+00	-2.86E+00	1.56E+00	1.74E+00	-2.12E+00	7.59E-01	high-bse
group_3266	6.86E-02	2.16E-06	5.84E-08	5.34E+00	1.50E+00	-2.26E+00	-4.47E-01	-4.77E+00	9.28E-01	2.99E+00	5.33E-01	2.97E+00	-3.56E+00	-4.27E+00	2.61E+00	1.81E+00	-9.64E-01	1.07E+00	
group_8262	6.86E-02	2.16E-06	5.84E-08	5.34E+00	1.50E+00	-2.26E+00	-4.47E-01	-4.77E+00	9.28E-01	2.99E+00	5.33E-01	2.97E+00	-3.56E+00	-4.27E+00	2.61E+00	1.81E+00	-9.64E-01	1.07E+00	
group_8263	6.86E-02	2.16E-06	5.84E-08	5.34E+00	1.50E+00	-2.26E+00	-4.47E-01	-4.77E+00	9.28E-01	2.99E+00	5.33E-01	2.97E+00	-3.56E+00	-4.27E+00	2.61E+00	1.81E+00	-9.64E-01	1.07E+00	
group_8264	6.86E-02	2.16E-06	5.84E-08	5.34E+00	1.50E+00	-2.26E+00	-4.47E-01	-4.77E+00	9.28E-01	2.99E+00	5.33E-01	2.97E+00	-3.56E+00	-4.27E+00	2.61E+00	1.81E+00	-9.64E-01	1.07E+00	
group_8265	6.86E-02	2.16E-06	5.84E-08	5.34E+00	1.50E+00	-2.26E+00	-4.47E-01	-4.77E+00	9.28E-01	2.99E+00	5.33E-01	2.97E+00	-3.56E+00	-4.27E+00	2.61E+00	1.81E+00	-9.64E-01	1.07E+00	
group_839	6.86E-02	9.39E-03	4.30E-06	6.06E+00	6.19E-01	-1.76E+00	-1.75E-01	-2.84E-01	1.92E+00	1.30E+00	1.17E+00	3.31E+00	-2.62E+00	-2.86E+00	1.56E+00	1.74E+00	-2.12E+00	7.59E-01	high-bse
group_859	6.86E-02	2.45E-04	1.44E-09	5.55E+00	1.18E+00	-2.85E+00	6.35E-02	-6.88E+00	2.22E+00	3.60E+00	8.71E-01	4.39E+00	-6.31E+00	-5.85E+00	1.92E+00	5.93E+00	-3.16E+00	-3.80E-01	
group_3581	6.50E-02	8.28E-06	3.09E-06	3.70E+00	9.24E-01	-2.25E+00	7.82E-02	-8.99E-01	3.43E+00	1.20E+00	2.41E+00	3.56E+00	-3.62E+00	-5.01E+00	3.24E+00	3.65E+00	-2.31E+00	8.00E-01	
group_571	6.50E-02	8.63E-02	9.96E-09	6.05E+00	1.33E+00	-3.01E+00	9.18E-01	-2.61E+00	3.53E+00	4.85E+00	1.25E+00	5.26E+00	-6.67E+00	-6.84E+00	2.04E+00	4.09E+00	-2.83E+00	3.36E+00	
group_843	6.50E-02	9.26E-05	3.67E-06	3.92E+00	1.05E+00	-2.32E+00	-2.31E-01	-2.88E-01	2.95E+00	1.87E+00	2.56E+00	2.30E+00	-3.55E+00	-5.23E+00	2.68E+00	2.78E+00	-3.13E+00	1.03E+00	
group_12191	6.14E-02	1.20E-07	4.07E-07	3.51E+00	8.03E-01	-2.15E+00	-4.92E-01	-6.57E-01	2.16E+00	2.10E+00	2.08E+00	2.28E+00	-2.07E+00	-3.53E+00	2.40E+00	2.07E+00	-3.72E+00	1.36E+00	
group_12246	6.14E-02	1.77E-01	1.14E-07	6.86E+00	1.77E+00	-2.78E+00	9.25E-01	-1.79E+00	2.33E+00	4.78E+00	-1.01E-01	4.47E+00	-6.21E+00	-5.84E+00	1.73E+00	5.11E+00	-2.10E+00	3.62E+00	
group_8169	6.14E-02	3.13E-04	1.64E-07	4.00E+00	9.09E-01	-2.49E+00	4.91E-01	-5.55E+00	4.28E+00	2.54E+00	3.04E+00	4.03E+00	-4.51E+00	-5.06E+00	3.21E+00	5.46E+00	-2.27E+00	5.93E-01	
group_7560	5.78E-02	5.06E-07	1.15E-06	4.20E+00	1.06E+00	-2.21E+00	3.76E-03	-5.22E-01	3.19E+00	9.17E-01	2.17E+00	3.33E+00	-3.46E+00	-4.81E+00	3.32E+00	4.04E+00	-2.09E+00	7.01E-01	
group_3119	5.42E-02	9.27E-08	1.74E-07	4.88E+00	1.22E+00	-2.18E+00	-3.14E-01	-2.82E-02	2.66E+00	1.10E+00	1.94E+00	3.18E+00	-3.64E+00	-4.64E+00	2.45E+00	2.70E+00	-2.47E+00	8.27E-01	
group_1557	5.05E-02	2.94E-10	9.86E-09	6.58E+00	6.91E-01	-1.95E+00	-5.29E-01	1.44E+00	2.05E+00	2.59E-01	1.52E+00	2.06E+00	-3.03E+00	-4.04E+00	2.48E+00	3.17E+00	-1.79E+00	4.65E-01	bad-chisq
group_2746	5.05E-02	9.37E-03	1.64E-06	4.46E+00	1.18E+00	-2.67E+00	8.62E-01	-1.93E+00	2.93E+00	4.12E+00	8.43E-01	4.31E+00	-5.11E+00	-5.46E+00	2.69E+00	4.81E+00	-2.86E+00	2.93E+00	
group_6102	5.05E-02	9.37E-03	1.64E-06	4.46E+00	1.18E+00	-2.67E+00	8.62E-01	-1.93E+00	2.93E+00	4.12E+00	8.43E-01	4.31E+00	-5.11E+00	-5.46E+00	2.69E+00	4.81E+00	-2.86E+00	2.93E+00	
group_6103	5.05E-02	9.37E-03	1.64E-06	4.46E+00	1.18E+00	-2.67E+00	8.62E-01	-1.93E+00	2.93E+00	4.12E+00	8.43E-01	4.31E+00	-5.11E+00	-5.46E+00	2.69E+00	4.81E+00	-2.86E+00	2.93E+00	
group_7455	5.05E-02	2.69E-01	1.85E-07	-1.37E+01	1.24E+00	-1.46E+00	2.29E-01	-1.65E+00	3.02E+00	2.34E+00	1.05E+00	2.48E+00	-1.24E+01	-1.56E+00	5.80E+00	1.31E+00	-5.28E+00	2.15E+00	high-bse
group_7456	5.05E-02	2.69E-01	1.85E-07	-1.37E+01	1.24E+00	-1.46E+00	2.29E-01	-1.65E+00	3.02E+00	2.34E+00	1.05E+00	2.48E+00	-1.24E+01	-1.56E+00	5.80E+00	1.31E+00	-5.28E+00	2.15E+00	high-bse
group_7457	5.05E-02	2.69E-01	1.85E-07	-1.37E+01	1.24E+00	-1.46E+00	2.29E-01	-1.65E+00	3.02E+00	2.34E+00	1.05E+00	2.48E+00	-1.24E+01	-1.56E+00	5.80E+00	1.31E+00	-5.28E+00	2.15E+00	high-bse
group_7458	5.05E-02	2.69E-01	1.85E-07	-1.37E+01	1.24E+00	-1.46E+00	2.29E-01	-1.65E+00	3.02E+00	2.34E+00	1.05E+00	2.48E+00	-1.24E+01	-1.56E+00	5.80E+00	1.31E+00	-5.28E+00	2.15E+00	high-bse
group_7459	5.05E-02	2.69E-01	1.85E-07	-1.37E+01	1.24E+00	-1.46E+00	2.29E-01	-1.65E+00	3.02E+00	2.34E+00	1.05E+00	2.48E+00	-1.24E+01	-1.56E+00	5.80E+00	1.31E+00	-5.28E+00	2.15E+00	high-bse
group_8177	5.05E-02	9.37E-03	4.63E-07	6.00E+00	1.52E+00	-2.45E+00	-1.17E-01	-7.70E+00	3.37E+00	2.02E+00	2.68E+00	3.70E+00	-4.56E+00	-4.73E+00	2.90E+00	5.89E+00	-2.63E+00	-7.95E-01	
group_7563	4.69E-02	1.35E-09	6.92E-08	5.98E+00	7.02E-01	-1.84E+00	-5.28E-01	1.22E+00	1.71E+00	4.54E-01	1.23E+00	2.06E+00	-2.91E+00	-3.62E+00	2.10E+00	2.90E+00	-1.82E+00	5.34E-01	bad-chisq
group_10330	4.33E-02	3.09E-02	8.32E-08	-4.30E+01	6.12E-01	-8.76E-01	7.23E+00	2.67E+01	7.24E+00	7.63E+00	-5.25E-03	2.63E+00	-1.02E+00	-1.15E+00	2.05E+00	9.87E-01	-3.09E+00	-1.23E-01	bad-chisq
group_11584	3.61E-02	1.25E-04	7.42E-08	1.07E+01	2.72E+00	-2.33E+00	4.83E+00	-2.52E+00	8.63E-01	9.34E-01	3.16E+00	2.96E+00	-3.05E+00	-3.52E+00	3.02E+00	2.56E+00	-2.43E+00	1.18E+00	
group_3255	3.61E-02	5.09E-06	1.79E-07	4.86E+00	1.08E+00	-2.13E+00	1.04E+00	-2.55E+00	4.18E+00	2.56E+00	2.56E+00	3.40E+00	-3.70E+00	-4.14E+00	2.87E+00	5.03E+00	-2.37E+00	-8.56E-01	bad-chisq
group_7829	3.61E-02	5.09E-06	3.20E-06	1.55E+01	1.07E+00	-2.27E+00	8.36E+00	-1.30E+00	-2.62E+00	-6.79E-01	3.22E+00	1.55E+00	-2.63E+00	-1.31E+00	1.57E+00	6.58E-01	-1.75E+00	1.27E+00	bad-chisq
group_8376	3.61E-02	4.97E-02	4.41E-06	-3.20E+01	6.15E-01	-1.08E+00	5.76E+00	1.93E+01	6.32E+00	6.06E+00	5.99E-01	2.72E+00	-1.27E+00	-2.26E+00	2.41E+00	1.99E+00	-2.41E+00	-1.08E-01	bad-chisq
group_3162	3.25E-02	5.57E-07	1.10E-07	1.98E+01	6.48E-01	-2.40E+00	1.01E+01	-1.14E+00	-3.87E+00	-1.27E+00	3.52E+00	1.25E+00	-2.64E+00	-7.65E-01	1.26E+00	1.07E-01	-1.68E+00	1.39E+00	bad-chisq
group_3254	3.25E-02	5.57E-07	1.89E-09	7.22E+00	6.50E-01	-2.27E+00	1.22E+00	-2.96E+00	4.62E+00	2.78E+00	2.73E+00	3.46E+00	-4.17E+00	-4.06E+00	2.97E+00	6.23E+00	-2.36E+00	-1.60E+00	bad-chisq
group_7886	3.25E-02	5.57E-07	4.59E-09	7.13E+00	6.48E-01	-2.20E+00	1.08E+00	-2.77E+00	4.24E+00	2.77E+00	2.49E+00	3.28E+00	-4.09E+00	-3.81E+00	2.64E+00	5.92E+00	-2.35E+00	-1.51E+00	bad-chisq
group_7887	3.25E-02	5.57E-07	4.59E-09	7.13E+00	6.48E-01	-2.20E+00	1.08E+00	-2.77E+00	4.24E+00	2.77E+00	2.49E+00	3.28E+00	-4.09E+00	-3.81E+00	2.64E+00	5.92E+00	-2.35E+00	-1.51E+00	bad-chisq
group_8172	3.25E-02	2.21E-05	2.47E-07	5.10E+00	1.08E+00	-2.13E+00	1.06E+00	-2.52E+00	4.05E+00	2.65E+00	2.38E+00	3.34E+00	-3.78E+00	-3.94E+00	2.80E+00	5.39E+00	-2.48E+00	-8.66E-01	bad-chisq
group_8203	3.25E-02	5.57E-07	1.89E-09	7.22E+00	6.50E-01	-2.27E+00	1.22E+00	-2.96E+00	4.62E+00	2.78E+00	2.73E+00	3.46E+00	-4.17E+00	-4.06E+00	2.97E+00	6.23E+00	-2.36E+00	-1.60E+00	bad-chisq
group_8204	3.25E-02	5.57E-07	1.89E-09	7.22E+00	6.50E-01	-2.27E+00	1.22E+00	-2.96E+00	4.62E+00	2.78E+00	2.73E+00	3.46E+00	-4.17E+00	-4.06E+00	2.97E+00	6.23E+00	-2.36E+00	-1.60E+00	bad-chisq
group_8205	3.25E-02	5.57E-07	1.89E-09	7.22E+00	6.50E-01	-2.27E+00	1.22E+00	-2.96E+00	4.62E+00	2.78E+00	2.73E+00	3.46E+00	-4.17E+00	-4.06E+00	2.97E+00	6.23E+00	-2.36E+00	-1.60E+00	bad-chisq
group_11612	2.89E-02	2.47E-06	1.97E-07	2.01E+01	6.48E-01	-2.43E+00	1.03E+01	-1.18E+00	-3.88E+00	-1.31E+00	3.61E+00	1.28E+00	-2.69E+00	-7.95E-01	1.31E+00	1.50E-01	-1.70E+00	1.40E+00	bad-chisq
group_11613	2.89E-02	2.47E-06	1.97E-07	2.01E+01	6.48E-01	-2.43E+00	1.03E+01	-1.18E+00	-3.88E+00	-1.31E+00	3.61E+00	1.28E+00	-2.69E+00	-7.95E-01	1.31E+00	1.50E-01	-1.70E+00	1.40E+00	bad-chisq
group_11614	2.89E-02	2.47E-06	1.97E-07	2.01E+01	6.48E-01	-2.43E+00	1.03E+01	-1.18E+00	-3.88E+00	-1.31E+00	3.61E+00	1.28E+00	-2.69E+00	-7.95E-01	1.31E+00	1.50E-01	-1.70E+00	1.40E+00	bad-chisq
group_11615	2.89E-02	2.47E-06	1.97E-07	2.01E+01	6.48E-01	-2.43E+00	1.03E+01	-1.18E+00	-3.88E+00	-1.31E+00	3.61E+00	1.28E+00	-2.69E+00	-7.95E-01	1.31E+00	1.50E-01	-1.70E+00	1.40E+00	bad-chisq
group_11616	2.89E-02	2.47E-06	1.97E-07	2.01E+01	6.48E-01	-2.43E+00	1.03E+01	-1.18E+00	-3.88E+00	-1.31E+00	3.61E+00	1.28E+00	-2.69E+00	-7.95E-01	1.31E+00	1.50E-01	-1.70E+00	1.40E+00	bad-chisq
group_11617	2.89E-02	2.47E-06	1.97E-07	2.01E+01	6.48E-01	-2.43E+00	1.03E+01	-1.18E+00	-3.88E+00	-1.31E+00	3.61E+00	1.28E+00	-2.69E+00	-7.95E-01	1.31E+00	1.50E-01	-1.70E+00	1.40E+00	bad-chisq
group_11618	2.89E-02	2.47E-06	1.97E-07	2.01E+01	6.48E-01	-2.43E+00	1.03E+01	-1.18E+00	-3.88E+00	-1.31E+00	3.61E+00	1.28E+00	-2.69E+00	-7.95E-01	1.31E+00	1.50E-01	-1.70E+00	1.40E+00	bad-chisq
group_11662	2.89E-02	2.47E-06	1.97E-07	2.01E+01	6.48E-01	-2.43E+00	1.03E+01	-1.18E+00	-3.88E+00	-1.31E+00	3.61E+00	1.28E+00	-2.69E+00	-7.95E-01	1.31E+00	1.50E-01	-1.70E+00	1.40E+00	bad-chisq
group_11663	2.89E-02	2.47E-06	1.97E-07	2.01E+01	6.48E-01	-2.43E+00	1.03E+01	-1.18E+00	-3.88E+00	-1.31E+00	3.61E+00	1.28E+00	-2.69E+00	-7.95E-01	1.31E+00	1.50E-01	-1.70E+00	1.40E+00	bad-chisq
group_11664	2.89E-02	2.47E-06	1.97E-07	2.01E+01	6.48E-01	-2.43E+00	1.03E+01	-1.18E+00	-3.88E+00	-1.31E+00	3.61E+00	1.28E+00	-2.69E+00	-7.95E-01	1.31E+00	1.50E-01	-1.70E+00	1.40E+00	bad-chisq
group_11665	2.89E-02	2.47E-06	1.97E-07	2.01E+01	6.48E-01	-2.43E+00	1.03E+01	-1.18E+00	-3.88E+00	-1.31E+00	3.61E+00	1.28E+00	-2.69E+00	-7.95E-01	1.31E+00	1.50E-01	-1.70E+00	1.40E+00	bad-chisq
group_11666	2.89E-02	2.47E-06	1.97E-07	2.01E+01	6.48E-01	-2.43E+00	1.03E+01	-1.18E+00	-3.88E+00	-1.31E+00	3.61E+00	1.28E+00	-2.69E+00	-7.95E-01	1.31E+00	1.50E-01	-1.70E+00	1.40E+00	bad-chisq
group_3653	2.89E-02	2.47E-06	1.97E-07	2.01E+01	6.48E-01	-2.43E+00	1.03E+01	-1.18E+00	-3.88E+00	-1.31E+00	3.61E+00	1.28E+00	-2.69E+00	-7.95E-01	1.31E+00	1.50E-01	-1.70E+00	1.40E+00	bad-chisq
group_8171	2.89E-02	2.47E-06	9.35E-09	7.15E+00	6.48E-01	-2.20E+00	1.13E+00	-2.84E+00	4.34E+00	2.77E+00	2.55E+00	3.33E+00	-4.13E+00	-3.87E+00	2.72E+00	6.03E+00	-2.37E+00	-1.52E+00	bad-chisq
group_8178	2.89E-02	2.47E-06	9.35E-09	7.15E+00	6.48E-01	-2.20E+00	1.13E+00	-2.84E+00	4.34E+00	2.77E+00	2.55E+00	3.33E+00	-4.13E+00	-3.87E+00	2.72E+00	6.03E+00	-2.37E+00	-1.52E+00	bad-chisq
group_8179	2.89E-02	2.47E-06	9.35E-09	7.15E+00	6.48E-01	-2.20E+00	1.13E+00	-2.84E+00	4.34E+00	2.77E+00	2.55E+00	3.33E+00	-4.13E+00	-3.87E+00	2.72E+00	6.03E+00	-2.37E+00	-1.52E+00	bad-chisq
group_8180	2.89E-02	2.47E-06	9.35E-09	7.15E+00	6.48E-01	-2.20E+00	1.13E+00	-2.84E+00	4.34E+00	2.77E+00	2.55E+00	3.33E+00	-4.13E+00	-3.87E+00	2.72E+00	6.03E+00	-2.37E+00	-1.52E+00	bad-chisq
group_8181	2.89E-02	2.47E-06	9.35E-09	7.15E+00	6.48E-01	-2.20E+00	1.13E+00	-2.84E+00	4.34E+00	2.77E+00	2.55E+00	3.33E+00	-4.13E+00	-3.87E+00	2.72E+00	6.03E+00	-2.37E+00	-1.52E+00	bad-chisq
group_8182	2.89E-02	2.47E-06	9.35E-09	7.15E+00	6.48E-01	-2.20E+00	1.13E+00	-2.84E+00	4.34E+00	2.77E+00	2.55E+00	3.33E+00	-4.13E+00	-3.87E+00	2.72E+00	6.03E+00	-2.37E+00	-1.52E+00	bad-chisq
group_8183	2.89E-02	2.47E-06	9.35E-09	7.15E+00	6.48E-01	-2.20E+00	1.13E+00	-2.84E+00	4.34E+00	2.77E+00	2.55E+00	3.33E+00	-4.13E+00	-3.87E+00	2.72E+00	6.03E+00	-2.37E+00	-1.52E+00	bad-chisq
group_8184	2.89E-02	2.47E-06	9.35E-09	7.15E+00	6.48E-01	-2.20E+00	1.13E+00	-2.84E+00	4.34E+00	2.77E+00	2.55E+00	3.33E+00	-4.13E+00	-3.87E+00	2.72E+00	6.03E+00	-2.37E+00	-1.52E+00	bad-chisq
group_8185	2.89E-02	2.47E-06	9.35E-09	7.15E+00	6.48E-01	-2.20E+00	1.13E+00	-2.84E+00	4.34E+00	2.77E+00	2.55E+00	3.33E+00	-4.13E+00	-3.87E+00	2.72E+00	6.03E+00	-2.37E+00	-1.52E+00	bad-chisq
group_8186	2.89E-02	2.47E-06	9.35E-09	7.15E+00	6.48E-01	-2.20E+00	1.13E+00	-2.84E+00	4.34E+00	2.77E+00	2.55E+00	3.33E+00	-4.13E+00	-3.87E+00	2.72E+00	6.03E+00	-2.37E+00	-1.52E+00	bad-chisq
group_8187	2.89E-02	2.47E-06	9.35E-09	7.15E+00	6.48E-01	-2.20E+00	1.13E+00	-2.84E+00	4.34E+00	2.77E+00	2.55E+00	3.33E+00	-4.13E+00	-3.87E+00	2.72E+00	6.03E+00	-2.37E+00	-1.52E+00	bad-chisq
group_8188	2.89E-02	2.47E-06	9.35E-09	7.15E+00	6.48E-01	-2.20E+00	1.13E+00	-2.84E+00	4.34E+00	2.77E+00	2.55E+00	3.33E+00	-4.13E+00	-3.87E+00	2.72E+00	6.03E+00	-2.37E+00	-1.52E+00	bad-chisq
group_8190	2.89E-02	2.47E-06	9.35E-09	7.15E+00	6.48E-01	-2.20E+00	1.13E+00	-2.84E+00	4.34E+00	2.77E+00	2.55E+00	3.33E+00	-4.13E+00	-3.87E+00	2.72E+00	6.03E+00	-2.37E+00	-1.52E+00	bad-chisq
group_8191	2.89E-02	2.47E-06	9.35E-09	7.15E+00	6.48E-01	-2.20E+00	1.13E+00	-2.84E+00	4.34E+00	2.77E+00	2.55E+00	3.33E+00	-4.13E+00	-3.87E+00	2.72E+00	6.03E+00	-2.37E+00	-1.52E+00	bad-chisq
group_8192	2.89E-02	2.47E-06	9.35E-09	7.15E+00	6.48E-01	-2.20E+00	1.13E+00	-2.84E+00	4.34E+00	2.77E+00	2.55E+00	3.33E+00	-4.13E+00	-3.87E+00	2.72E+00	6.03E+00	-2.37E+00	-1.52E+00	bad-chisq
group_8193	2.89E-02	2.47E-06	9.35E-09	7.15E+00	6.48E-01	-2.20E+00	1.13E+00	-2.84E+00	4.34E+00	2.77E+00	2.55E+00	3.33E+00	-4.13E+00	-3.87E+00	2.72E+00	6.03E+00	-2.37E+00	-1.52E+00	bad-chisq
group_8194	2.89E-02	2.47E-06	9.35E-09	7.15E+00	6.48E-01	-2.20E+00	1.13E+00	-2.84E+00	4.34E+00	2.77E+00	2.55E+00	3.33E+00	-4.13E+00	-3.87E+00	2.72E+00	6.03E+00	-2.37E+00	-1.52E+00	bad-chisq
group_8195	2.89E-02	2.47E-06	9.35E-09	7.15E+00	6.48E-01	-2.20E+00	1.13E+00	-2.84E+00	4.34E+00	2.77E+00	2.55E+00	3.33E+00	-4.13E+00	-3.87E+00	2.72E+00	6.03E+00	-2.37E+00	-1.52E+00	bad-chisq
group_8196	2.89E-02	2.47E-06	9.35E-09	7.15E+00	6.48E-01	-2.20E+00	1.13E+00	-2.84E+00	4.34E+00	2.77E+00	2.55E+00	3.33E+00	-4.13E+00	-3.87E+00	2.72E+00	6.03E+00	-2.37E+00	-1.52E+00	bad-chisq
group_8197	2.89E-02	2.47E-06	9.35E-09	7.15E+00	6.48E-01	-2.20E+00	1.13E+00	-2.84E+00	4.34E+00	2.77E+00	2.55E+00	3.33E+00	-4.13E+00	-3.87E+00	2.72E+00	6.03E+00	-2.37E+00	-1.52E+00	bad-chisq
group_8198	2.89E-02	2.47E-06	9.35E-09	7.15E+00	6.48E-01	-2.20E+00	1.13E+00	-2.84E+00	4.34E+00	2.77E+00	2.55E+00	3.33E+00	-4.13E+00	-3.87E+00	2.72E+00	6.03E+00	-2.37E+00	-1.52E+00	bad-chisq
group_8199	2.89E-02	2.47E-06	9.35E-09	7.15E+00	6.48E-01	-2.20E+00	1.13E+00	-2.84E+00	4.34E+00	2.77E+00	2.55E+00	3.33E+00	-4.13E+00	-3.87E+00	2.72E+00	6.03E+00	-2.37E+00	-1.52E+00	bad-chisq
group_8202	2.89E-02	2.47E-06	9.35E-09	7.15E+00	6.48E-01	-2.20E+00	1.13E+00	-2.84E+00	4.34E+00	2.77E+00	2.55E+00	3.33E+00	-4.13E+00	-3.87E+00	2.72E+00	6.03E+00	-2.37E+00	-1.52E+00	bad-chisq
group_8206	2.89E-02	2.47E-06	9.35E-09	7.15E+00	6.48E-01	-2.20E+00	1.13E+00	-2.84E+00	4.34E+00	2.77E+00	2.55E+00	3.33E+00	-4.13E+00	-3.87E+00	2.72E+00	6.03E+00	-2.37E+00	-1.52E+00	bad-chisq
deaD	2.89E-02	2.47E-06	9.35E-09	7.15E+00	6.48E-01	-2.20E+00	1.13E+00	-2.84E+00	4.34E+00	2.77E+00	2.55E+00	3.33E+00	-4.13E+00	-3.87E+00	2.72E+00	6.03E+00	-2.37E+00	-1.52E+00	bad-chisq
group_8208	2.89E-02	2.47E-06	9.35E-09	7.15E+00	6.48E-01	-2.20E+00	1.13E+00	-2.84E+00	4.34E+00	2.77E+00	2.55E+00	3.33E+00	-4.13E+00	-3.87E+00	2.72E+00	6.03E+00	-2.37E+00	-1.52E+00	bad-chisq
group_8209	2.89E-02	2.47E-06	9.35E-09	7.15E+00	6.48E-01	-2.20E+00	1.13E+00	-2.84E+00	4.34E+00	2.77E+00	2.55E+00	3.33E+00	-4.13E+00	-3.87E+00	2.72E+00	6.03E+00	-2.37E+00	-1.52E+00	bad-chisq
group_8210	2.89E-02	2.47E-06	9.35E-09	7.15E+00	6.48E-01	-2.20E+00	1.13E+00	-2.84E+00	4.34E+00	2.77E+00	2.55E+00	3.33E+00	-4.13E+00	-3.87E+00	2.72E+00	6.03E+00	-2.37E+00	-1.52E+00	bad-chisq
